[2.68393172e-03 1.14184815e-03 8.82872278e-04 1.74220129e-03
 2.62507357e-03 1.17716304e-05 2.22483814e-03 9.29958799e-03
 2.58975868e-03 1.62448499e-03 5.17951736e-03 1.64802825e-04
 1.64802825e-04 3.49617422e-03 1.88346086e-04 1.60094173e-03
 2.94290759e-04 9.53502060e-04 8.59329017e-04 4.53207769e-03
 2.23660977e-03 3.22542672e-03 8.00470865e-04 9.88816951e-04
 5.88581519e-05 2.00117716e-04 1.53031195e-04 2.35432607e-05
 1.88346086e-04]
[1.14184815e-03 5.65038258e-04 4.82636845e-04 8.94643908e-04
 1.07121836e-03 1.17716304e-05 1.22424956e-03 4.19070041e-03
 1.14184815e-03 9.06415539e-04 2.20129488e-03 7.06297822e-05
 7.06297822e-05 1.70688640e-03 1.17716304e-04 6.23896410e-04
 1.05944673e-04 4.47321954e-04 3.88463802e-04 2.02472042e-03
 1.10653325e-03 1.54208358e-03 3.64920541e-04 4.82636845e-04
 7.06297822e-05 1.41259564e-04 1.53031195e-04 2.35432607e-05
 9.41730430e-05]
[8.82872278e-04 4.82636845e-04 2.58975868e-04 6.94526192e-04
 7.88699235e-04 0.00000000e+00 8.82872278e-04 3.26074161e-03
 8.59329017e-04 7.06297822e-04 1.71865803e-03 5.88581519e-05
 7.06297822e-05 1.35373749e-03 7.06297822e-05 4.70865215e-04
 7.06297822e-05 2.94290759e-04 2.35432607e-04 1.65979988e-03
 8.24014126e-04 1.15361978e-03 2.94290759e-04 3.64920541e-04
 4.70865215e-05 9.41730430e-05 7.06297822e-05 0.00000000e+00
 7.06297822e-05]
[1.74220129e-03 8.94643908e-04 6.94526192e-04 1.31842260e-03
 1.90700412e-03 1.17716304e-05 1.85991760e-03 6.38022366e-03
 2.31901118e-03 1.20070630e-03 3.54326074e-03 1.05944673e-04
 1.17716304e-04 2.80164803e-03 2.23660977e-04 1.05944673e-03
 2.11889347e-04 6.23896410e-04 5.53266627e-04 3.09593879e-03
 1.70688640e-03 2.48381401e-03 5.88581519e-04 7.18069453e-04
 1.17716304e-04 2.00117716e-04 1.76574456e-04 2.35432607e-05
 1.76574456e-04]
[2.62507357e-03 1.07121836e-03 7.88699235e-04 1.90700412e-03
 2.84873455e-03 5.88581519e-05 2.33078281e-03 8.67569158e-03
 3.11948205e-03 1.43613891e-03 4.88522660e-03 1.29487934e-04
 1.41259564e-04 3.54326074e-03 2.47204238e-04 1.89523249e-03
 4.23778693e-04 1.11830489e-03 1.10653325e-03 4.13184226e-03
 2.36609770e-03 3.31959976e-03 6.94526192e-04 9.29958799e-04
 1.17716304e-04 2.23660977e-04 2.11889347e-04 1.17716304e-04
 2.00117716e-04]
[1.17716304e-05 1.17716304e-05 0.00000000e+00 1.17716304e-05
 5.88581519e-05 0.00000000e+00 5.88581519e-05 3.53148911e-05
 2.35432607e-05 0.00000000e+00 5.88581519e-05 0.00000000e+00
 0.00000000e+00 2.35432607e-05 1.17716304e-05 3.53148911e-05
 1.17716304e-05 4.70865215e-05 4.70865215e-05 0.00000000e+00
 2.35432607e-05 4.70865215e-05 1.17716304e-05 2.35432607e-05
 1.17716304e-05 1.17716304e-05 1.17716304e-05 2.35432607e-05
 1.17716304e-05]
[2.22483814e-03 1.22424956e-03 8.82872278e-04 1.85991760e-03
 2.33078281e-03 5.88581519e-05 2.30723955e-03 8.64037669e-03
 2.53090053e-03 1.63625662e-03 4.82636845e-03 1.53031195e-04
 1.64802825e-04 3.68452031e-03 2.23660977e-04 1.53031195e-03
 2.58975868e-04 1.00058858e-03 8.24014126e-04 4.33195998e-03
 2.15420836e-03 3.10771042e-03 8.35785756e-04 1.03590347e-03
 1.53031195e-04 2.00117716e-04 2.23660977e-04 1.17716304e-04
 2.00117716e-04]
[9.29958799e-03 4.19070041e-03 3.26074161e-03 6.38022366e-03
 8.67569158e-03 3.53148911e-05 8.64037669e-03 3.33372572e-02
 8.68746321e-03 6.83931725e-03 1.87051207e-02 6.12124779e-04
 6.00353149e-04 1.38552089e-02 6.94526192e-04 4.95585639e-03
 9.18187169e-04 3.04885227e-03 2.48381401e-03 1.71041789e-02
 8.13419659e-03 1.16892290e-02 3.03708064e-03 3.69629194e-03
 2.00117716e-04 6.70982931e-04 6.47439670e-04 7.06297822e-05
 6.59211301e-04]
[2.58975868e-03 1.14184815e-03 8.59329017e-04 2.31901118e-03
 3.11948205e-03 2.35432607e-05 2.53090053e-03 8.68746321e-03
 3.39022955e-03 1.34196586e-03 4.75573867e-03 1.17716304e-04
 1.88346086e-04 3.81400824e-03 3.17834020e-04 1.90700412e-03
 3.17834020e-04 8.82872278e-04 8.94643908e-04 3.84932313e-03
 2.46027075e-03 3.40200118e-03 6.59211301e-04 8.94643908e-04
 2.23660977e-04 2.47204238e-04 2.70747499e-04 4.70865215e-05
 2.00117716e-04]
[1.62448499e-03 9.06415539e-04 7.06297822e-04 1.20070630e-03
 1.43613891e-03 0.00000000e+00 1.63625662e-03 6.83931725e-03
 1.34196586e-03 1.45968217e-03 3.57857563e-03 1.17716304e-04
 1.17716304e-04 2.62507357e-03 1.17716304e-04 7.88699235e-04
 1.17716304e-04 5.29723367e-04 4.00235433e-04 3.23719835e-03
 1.48322543e-03 2.11889347e-03 5.88581519e-04 7.29841083e-04
 3.53148911e-05 1.29487934e-04 1.17716304e-04 0.00000000e+00
 1.17716304e-04]
[5.17951736e-03 2.20129488e-03 1.71865803e-03 3.54326074e-03
 4.88522660e-03 5.88581519e-05 4.82636845e-03 1.87051207e-02
 4.75573867e-03 3.57857563e-03 1.00765156e-02 3.17834020e-04
 3.76692172e-04 7.61624485e-03 3.76692172e-04 2.73101825e-03
 4.94408476e-04 1.76574456e-03 1.44791054e-03 9.08769865e-03
 4.52030606e-03 6.29782225e-03 1.65979988e-03 2.04826368e-03
 1.88346086e-04 3.88463802e-04 3.64920541e-04 1.17716304e-04
 4.00235433e-04]
[1.64802825e-04 7.06297822e-05 5.88581519e-05 1.05944673e-04
 1.29487934e-04 0.00000000e+00 1.53031195e-04 6.12124779e-04
 1.17716304e-04 1.17716304e-04 3.17834020e-04 0.00000000e+00
 1.17716304e-05 2.70747499e-04 1.17716304e-05 7.06297822e-05
 1.17716304e-05 4.70865215e-05 3.53148911e-05 3.17834020e-04
 1.41259564e-04 2.00117716e-04 5.88581519e-05 7.06297822e-05
 0.00000000e+00 1.17716304e-05 1.17716304e-05 0.00000000e+00
 1.17716304e-05]
[1.64802825e-04 7.06297822e-05 7.06297822e-05 1.17716304e-04
 1.41259564e-04 0.00000000e+00 1.64802825e-04 6.00353149e-04
 1.88346086e-04 1.17716304e-04 3.76692172e-04 1.17716304e-05
 0.00000000e+00 2.70747499e-04 1.17716304e-05 8.24014126e-05
 1.17716304e-05 4.70865215e-05 3.53148911e-05 3.17834020e-04
 1.41259564e-04 2.00117716e-04 5.88581519e-05 7.06297822e-05
 1.17716304e-05 1.17716304e-05 1.17716304e-05 0.00000000e+00
 1.17716304e-05]
[3.49617422e-03 1.70688640e-03 1.35373749e-03 2.80164803e-03
 3.54326074e-03 2.35432607e-05 3.68452031e-03 1.38552089e-02
 3.81400824e-03 2.62507357e-03 7.61624485e-03 2.70747499e-04
 2.70747499e-04 5.67392584e-03 2.82519129e-04 2.06003531e-03
 3.06062390e-04 1.30665097e-03 9.65273690e-04 7.08652148e-03
 3.17834020e-03 4.61447911e-03 1.23602119e-03 1.49499706e-03
 2.23660977e-04 2.70747499e-04 2.82519129e-04 4.70865215e-05
 2.58975868e-04]
[1.88346086e-04 1.17716304e-04 7.06297822e-05 2.23660977e-04
 2.47204238e-04 1.17716304e-05 2.23660977e-04 6.94526192e-04
 3.17834020e-04 1.17716304e-04 3.76692172e-04 1.17716304e-05
 1.17716304e-05 2.82519129e-04 0.00000000e+00 2.11889347e-04
 5.88581519e-05 1.53031195e-04 1.41259564e-04 4.12007063e-04
 2.23660977e-04 2.82519129e-04 5.88581519e-05 7.06297822e-05
 2.35432607e-05 1.17716304e-05 1.17716304e-05 2.35432607e-05
 1.17716304e-05]
[1.60094173e-03 6.23896410e-04 4.70865215e-04 1.05944673e-03
 1.89523249e-03 3.53148911e-05 1.53031195e-03 4.95585639e-03
 1.90700412e-03 7.88699235e-04 2.73101825e-03 7.06297822e-05
 8.24014126e-05 2.06003531e-03 2.11889347e-04 8.47557387e-04
 1.76574456e-04 6.00353149e-04 5.88581519e-04 2.17775162e-03
 1.36550912e-03 1.91877575e-03 4.12007063e-04 5.76809888e-04
 9.41730430e-05 2.11889347e-04 1.41259564e-04 7.06297822e-05
 1.88346086e-04]
[2.94290759e-04 1.05944673e-04 7.06297822e-05 2.11889347e-04
 4.23778693e-04 1.17716304e-05 2.58975868e-04 9.18187169e-04
 3.17834020e-04 1.17716304e-04 4.94408476e-04 1.17716304e-05
 1.17716304e-05 3.06062390e-04 5.88581519e-05 1.76574456e-04
 0.00000000e+00 1.29487934e-04 1.64802825e-04 3.76692172e-04
 2.70747499e-04 3.41377281e-04 7.06297822e-05 1.29487934e-04
 1.17716304e-05 4.70865215e-05 2.35432607e-05 2.35432607e-05
 4.70865215e-05]
[9.53502060e-04 4.47321954e-04 2.94290759e-04 6.23896410e-04
 1.11830489e-03 4.70865215e-05 1.00058858e-03 3.04885227e-03
 8.82872278e-04 5.29723367e-04 1.76574456e-03 4.70865215e-05
 4.70865215e-05 1.30665097e-03 1.53031195e-04 6.00353149e-04
 1.29487934e-04 3.06062390e-04 4.47321954e-04 1.38905238e-03
 8.71100647e-04 1.18893467e-03 2.82519129e-04 4.00235433e-04
 8.24014126e-05 1.29487934e-04 1.29487934e-04 9.41730430e-05
 1.17716304e-04]
[8.59329017e-04 3.88463802e-04 2.35432607e-04 5.53266627e-04
 1.10653325e-03 4.70865215e-05 8.24014126e-04 2.48381401e-03
 8.94643908e-04 4.00235433e-04 1.44791054e-03 3.53148911e-05
 3.53148911e-05 9.65273690e-04 1.41259564e-04 5.88581519e-04
 1.64802825e-04 4.47321954e-04 3.76692172e-04 1.13007652e-03
 8.12242496e-04 1.03590347e-03 2.11889347e-04 3.64920541e-04
 7.06297822e-05 1.29487934e-04 9.41730430e-05 9.41730430e-05
 1.05944673e-04]
[4.53207769e-03 2.02472042e-03 1.65979988e-03 3.09593879e-03
 4.13184226e-03 0.00000000e+00 4.33195998e-03 1.71041789e-02
 3.84932313e-03 3.23719835e-03 9.08769865e-03 3.17834020e-04
 3.17834020e-04 7.08652148e-03 4.12007063e-04 2.17775162e-03
 3.76692172e-04 1.38905238e-03 1.13007652e-03 8.35785756e-03
 4.10829900e-03 5.74455562e-03 1.60094173e-03 1.95409064e-03
 3.53148911e-05 3.76692172e-04 3.53148911e-04 0.00000000e+00
 3.64920541e-04]
[2.23660977e-03 1.10653325e-03 8.24014126e-04 1.70688640e-03
 2.36609770e-03 2.35432607e-05 2.15420836e-03 8.13419659e-03
 2.46027075e-03 1.48322543e-03 4.52030606e-03 1.41259564e-04
 1.41259564e-04 3.17834020e-03 2.23660977e-04 1.36550912e-03
 2.70747499e-04 8.71100647e-04 8.12242496e-04 4.10829900e-03
 1.83637434e-03 3.00176574e-03 7.18069453e-04 8.94643908e-04
 8.24014126e-05 2.00117716e-04 1.53031195e-04 4.70865215e-05
 1.76574456e-04]
[3.22542672e-03 1.54208358e-03 1.15361978e-03 2.48381401e-03
 3.31959976e-03 4.70865215e-05 3.10771042e-03 1.16892290e-02
 3.40200118e-03 2.11889347e-03 6.29782225e-03 2.00117716e-04
 2.00117716e-04 4.61447911e-03 2.82519129e-04 1.91877575e-03
 3.41377281e-04 1.18893467e-03 1.03590347e-03 5.74455562e-03
 3.00176574e-03 3.69629194e-03 1.02413184e-03 1.33019423e-03
 2.00117716e-04 2.70747499e-04 2.35432607e-04 9.41730430e-05
 2.70747499e-04]
[8.00470865e-04 3.64920541e-04 2.94290759e-04 5.88581519e-04
 6.94526192e-04 1.17716304e-05 8.35785756e-04 3.03708064e-03
 6.59211301e-04 5.88581519e-04 1.65979988e-03 5.88581519e-05
 5.88581519e-05 1.23602119e-03 5.88581519e-05 4.12007063e-04
 7.06297822e-05 2.82519129e-04 2.11889347e-04 1.60094173e-03
 7.18069453e-04 1.02413184e-03 2.35432607e-04 3.53148911e-04
 2.35432607e-05 5.88581519e-05 5.88581519e-05 2.35432607e-05
 5.88581519e-05]
[9.88816951e-04 4.82636845e-04 3.64920541e-04 7.18069453e-04
 9.29958799e-04 2.35432607e-05 1.03590347e-03 3.69629194e-03
 8.94643908e-04 7.29841083e-04 2.04826368e-03 7.06297822e-05
 7.06297822e-05 1.49499706e-03 7.06297822e-05 5.76809888e-04
 1.29487934e-04 4.00235433e-04 3.64920541e-04 1.95409064e-03
 8.94643908e-04 1.33019423e-03 3.53148911e-04 3.53148911e-04
 5.88581519e-05 7.06297822e-05 7.06297822e-05 4.70865215e-05
 7.06297822e-05]
[5.88581519e-05 7.06297822e-05 4.70865215e-05 1.17716304e-04
 1.17716304e-04 1.17716304e-05 1.53031195e-04 2.00117716e-04
 2.23660977e-04 3.53148911e-05 1.88346086e-04 0.00000000e+00
 1.17716304e-05 2.23660977e-04 2.35432607e-05 9.41730430e-05
 1.17716304e-05 8.24014126e-05 7.06297822e-05 3.53148911e-05
 8.24014126e-05 2.00117716e-04 2.35432607e-05 5.88581519e-05
 0.00000000e+00 2.35432607e-05 2.35432607e-05 2.35432607e-05
 1.17716304e-05]
[2.00117716e-04 1.41259564e-04 9.41730430e-05 2.00117716e-04
 2.23660977e-04 1.17716304e-05 2.00117716e-04 6.70982931e-04
 2.47204238e-04 1.29487934e-04 3.88463802e-04 1.17716304e-05
 1.17716304e-05 2.70747499e-04 1.17716304e-05 2.11889347e-04
 4.70865215e-05 1.29487934e-04 1.29487934e-04 3.76692172e-04
 2.00117716e-04 2.70747499e-04 5.88581519e-05 7.06297822e-05
 2.35432607e-05 0.00000000e+00 1.17716304e-05 2.35432607e-05
 1.17716304e-05]
[1.53031195e-04 1.53031195e-04 7.06297822e-05 1.76574456e-04
 2.11889347e-04 1.17716304e-05 2.23660977e-04 6.47439670e-04
 2.70747499e-04 1.17716304e-04 3.64920541e-04 1.17716304e-05
 1.17716304e-05 2.82519129e-04 1.17716304e-05 1.41259564e-04
 2.35432607e-05 1.29487934e-04 9.41730430e-05 3.53148911e-04
 1.53031195e-04 2.35432607e-04 5.88581519e-05 7.06297822e-05
 2.35432607e-05 1.17716304e-05 0.00000000e+00 2.35432607e-05
 1.17716304e-05]
[2.35432607e-05 2.35432607e-05 0.00000000e+00 2.35432607e-05
 1.17716304e-04 2.35432607e-05 1.17716304e-04 7.06297822e-05
 4.70865215e-05 0.00000000e+00 1.17716304e-04 0.00000000e+00
 0.00000000e+00 4.70865215e-05 2.35432607e-05 7.06297822e-05
 2.35432607e-05 9.41730430e-05 9.41730430e-05 0.00000000e+00
 4.70865215e-05 9.41730430e-05 2.35432607e-05 4.70865215e-05
 2.35432607e-05 2.35432607e-05 2.35432607e-05 2.35432607e-05
 2.35432607e-05]
[1.88346086e-04 9.41730430e-05 7.06297822e-05 1.76574456e-04
 2.00117716e-04 1.17716304e-05 2.00117716e-04 6.59211301e-04
 2.00117716e-04 1.17716304e-04 4.00235433e-04 1.17716304e-05
 1.17716304e-05 2.58975868e-04 1.17716304e-05 1.88346086e-04
 4.70865215e-05 1.17716304e-04 1.05944673e-04 3.64920541e-04
 1.76574456e-04 2.70747499e-04 5.88581519e-05 7.06297822e-05
 1.17716304e-05 1.17716304e-05 1.17716304e-05 2.35432607e-05
 0.00000000e+00]
